Joukovsky f=1.3% t=17%
1.00000000	0.00000031
0.99381072	0.00047164

0.98401662	0.00140912
0.98401662	0.00140912

0.97069883	0.00290014
0.95396387	0.00501833
0.93394147	0.00781549
0.91078263	0.01131938
0.88465745	0.01553158
0.85575324	0.02042699
0.82427266	0.02595382
0.79043203	0.03203415
0.75446004	0.03856568
0.71659656	0.04542385
0.67709191	0.05246471
0.63620622	0.05952837
0.59420913	0.06644295
0.55137952	0.07302879
0.50800540	0.07910312
0.46438369	0.08448484
0.42081997	0.08899932
0.37762803	0.09248319
0.33512921	0.09478885
0.29365151	0.09578922
0.25352849	0.09538135
0.21509812	0.09348907
0.17870171	0.09006761
0.14468357	0.08510363
0.11339142	0.07861982
0.08517959	0.07067554
0.06041490	0.06137558
0.03948654	0.05088742
0.02281231	0.03948923
0.01079745	0.02768817
0.00359975	0.01642309
0.00056357	0.00708963
-0.00001150	0.00091626
0.00056332	-0.00520836
0.00368252	-0.01442961
0.01122230	-0.02533280
0.02383386	-0.03628588
0.04119347	-0.04629344
0.06275390	-0.05493071
0.08802021	-0.06203970
0.11657043	-0.06757180
0.14803067	-0.07153299
0.18205538	-0.07396421
0.21831537	-0.07493537
0.25649142	-0.07454122
0.29627094	-0.07289973
0.33734623	-0.07014813
0.37941356	-0.06643962
0.42217269	-0.06193949
0.46532655	-0.05682088
0.50858107	-0.05126031
0.55164515	-0.04543313
0.59423073	-0.03950907
0.63605312	-0.03364801
0.67683149	-0.02799597
0.71628978	-0.02268143
0.75415778	-0.01781245
0.79017262	-0.01347378
0.82408062	-0.00972551
0.85563928	-0.00660144
0.88461962	-0.00410915
0.91080858	-0.00223009
0.93401151	-0.00092115
0.95405460	-0.00011623
0.97078713	0.00027049
0.98408348	0.00034170
0.99384481	0.00021224
1.00000000	0.00000031

