NACA 1015-03
1.00003030	0.00149969
0.97565322	0.00683075
0.90486823	0.02154388
0.79450415	0.04195997
0.65525687	0.06266373
0.50070386	0.07794348
0.34600492	0.08384539
0.20637622	0.07678892
0.09556544	0.05230945
0.02447560	0.02307145
0.00000000	0.00000000
0.02446788	-0.00307573
0.09541756	-0.03245859
0.20583853	-0.05757370
0.34497809	-0.06614219
0.49929614	-0.06284298
0.65376013	-0.05114023
0.79328110	-0.03449925
0.90414876	-0.01787171
0.97540329	-0.00585421
0.99996970	-0.00149969

