NACA 63-1312
1.00000000	0.00000000
0.99913392	0.00072876
0.99803765	0.00149152
0.99674070	0.00231642
0.99524715	0.00320524
0.99355920	0.00415803
0.99167762	0.00517290
0.98960329	0.00624835
0.98733640	0.00738155
0.98487845	0.00857229
0.98223003	0.00981847
0.97939126	0.01111691
0.97636386	0.01246770
0.97314825	0.01386795
0.96974556	0.01531625
0.96615748	0.01681236
0.96238449	0.01835296
0.95842885	0.01993900
0.95429144	0.02156776
0.94997454	0.02323995
0.94547823	0.02495041
0.94080551	0.02670145
0.93595751	0.02849017
0.93093644	0.03031658
0.92574299	0.03217612
0.92038083	0.03407242
0.91485112	0.03600197
0.90915496	0.03796066
0.90329510	0.03994908
0.89727304	0.04196392
0.89109178	0.04400607
0.88475225	0.04607003
0.87825818	0.04815865
0.87161124	0.05026823
0.86481325	0.05239525
0.85786671	0.05453823
0.85077483	0.05669757
0.84353932	0.05886884
0.83616373	0.06105333
0.82864958	0.06324535
0.82100019	0.06544511
0.81321726	0.06764693
0.80530542	0.06985526
0.79726550	0.07206089
0.78910106	0.07426407
0.78081510	0.07646284
0.77240899	0.07864881
0.76388743	0.08082605
0.75525304	0.08299044
0.74650771	0.08513454
0.73765641	0.08726326
0.72870091	0.08936796
0.71964508	0.09144883
0.71049100	0.09349748
0.70124408	0.09552060
0.69190574	0.09750625
0.68248066	0.09945738
0.67297195	0.10136924
0.66338269	0.10323654
0.65371774	0.10506290
0.64397957	0.10683892
0.63417236	0.10856428
0.62429972	0.11023489
0.61436564	0.11184887
0.60437461	0.11340691
0.59432938	0.11489834
0.58423576	0.11633270
0.57409618	0.11769550
0.56391596	0.11899275
0.55369909	0.12022085
0.54344980	0.12137706
0.53317227	0.12245807
0.52287076	0.12346051
0.51255038	0.12438982
0.50221454	0.12523249
0.49186845	0.12599447
0.48151650	0.12667208
0.47116306	0.12726025
0.46081296	0.12775928
0.45047089	0.12816878
0.44014155	0.12848663
0.42982973	0.12871199
0.41954012	0.12883949
0.40927762	0.12886885
0.39904706	0.12880727
0.38885341	0.12864104
0.37870148	0.12837787
0.36859612	0.12801757
0.35854209	0.12756287
0.34854458	0.12700621
0.33860816	0.12635382
0.32873760	0.12560706
0.31893757	0.12476685
0.30921296	0.12383289
0.29956804	0.12280999
0.29000759	0.12169794
0.28053511	0.12050672
0.27115606	0.11922931
0.26187424	0.11787214
0.25269359	0.11643923
0.24361828	0.11493276
0.23465195	0.11335743
0.22579905	0.11171309
0.21706470	0.10999610
0.20845066	0.10821975
0.19996342	0.10637377
0.19160559	0.10446638
0.18338116	0.10249906
0.17529330	0.10047627
0.16734674	0.09839642
0.15954432	0.09626473
0.15189088	0.09407920
0.14438766	0.09185011
0.13703881	0.08957738
0.12984807	0.08726218
0.12281855	0.08490776
0.11595293	0.08251832
0.10925463	0.08009561
0.10272626	0.07764362
0.09637209	0.07516177
0.09019367	0.07265649
0.08419565	0.07012630
0.07837803	0.06758076
0.07274700	0.06501504
0.06730257	0.06243809
0.06204897	0.05984963
0.05698892	0.05725264
0.05212536	0.05464972
0.04746090	0.05204408
0.04299821	0.04943894
0.03873961	0.04683809
0.03468480	0.04424954
0.03083687	0.04167564
0.02719415	0.03912586
0.02375834	0.03660449
0.02053078	0.03411620
0.01751213	0.03166672
0.01470559	0.02925861
0.01211357	0.02689603
0.00974163	0.02458016
0.00759459	0.02231428
0.00567557	0.02010429
0.00398880	0.01795639
0.00253631	0.01587971
0.00131617	0.01388721
0.00032644	0.01199244
-0.00044122	0.01021275
-0.00099638	0.00856591
-0.00135712	0.00707181
-0.00154901	0.00575005
-0.00160387	0.00461785
-0.00154634	0.00352870
-0.00130774	0.00226775
-0.00075495	0.00089709
0.00037698	-0.00032561
0.00179607	-0.00153395
0.00346266	-0.00273685
0.00543018	-0.00382058
0.00768542	-0.00474324
0.01020111	-0.00549726
0.01295108	-0.00609762
0.01591685	-0.00656339
0.01908596	-0.00691235
0.02244951	-0.00716685
0.02600178	-0.00734527
0.02973879	-0.00746486
0.03365769	-0.00754278
0.03775637	-0.00758577
0.04203289	-0.00760210
0.04648543	-0.00759031
0.05111214	-0.00755585
0.05591107	-0.00749255
0.06088030	-0.00740426
0.06601772	-0.00728724
0.07132132	-0.00714375
0.07678901	-0.00697602
0.08241870	-0.00678630
0.08820825	-0.00657635
0.09415557	-0.00635112
0.10025822	-0.00610726
0.10651407	-0.00585061
0.11292064	-0.00557970
0.11947553	-0.00529634
0.12617615	-0.00499947
0.13302005	-0.00469187
0.14000460	-0.00437395
0.14712714	-0.00404640
0.15438490	-0.00370863
0.16177500	-0.00335929
0.16929477	-0.00300206
0.17694133	-0.00263726
0.18471145	-0.00225909
0.19260225	-0.00187022
0.20061076	-0.00147199
0.20873380	-0.00106274
0.21696840	-0.00064553
0.22531116	-0.00021646
0.23375882	0.00022558
0.24230857	0.00067191
0.25095654	0.00113320
0.25969989	0.00160015
0.26853502	0.00207686
0.27745867	0.00256076
0.28646706	0.00305767
0.29555675	0.00356709
0.30472398	0.00409310
0.31396551	0.00463042
0.32327753	0.00518291
0.33265611	0.00575615
0.34209800	0.00634348
0.35159894	0.00695439
0.36115585	0.00757926
0.37076458	0.00822474
0.38042132	0.00889197
0.39012293	0.00957191
0.39986534	0.01026886
0.40964451	0.01098625
0.41945721	0.01171629
0.42929961	0.01245939
0.43916782	0.01321634
0.44905810	0.01398597
0.45896722	0.01476053
0.46889125	0.01554118
0.47882635	0.01632790
0.48876895	0.01711703
0.49871523	0.01790839
0.50866179	0.01869619
0.51860451	0.01948392
0.52854015	0.02026374
0.53846481	0.02103628
0.54837474	0.02180049
0.55826617	0.02255510
0.56813577	0.02329373
0.57797966	0.02401679
0.58779356	0.02473058
0.59757488	0.02541814
0.60731887	0.02609257
0.61702234	0.02674539
0.62668173	0.02737314
0.63629295	0.02798045
0.64585276	0.02855932
0.65535704	0.02911582
0.66480280	0.02963710
0.67418599	0.03012897
0.68350301	0.03058970
0.69275048	0.03101251
0.70192445	0.03140381
0.71102173	0.03175225
0.72003827	0.03206839
0.72897092	0.03233929
0.73781577	0.03257481
0.74656958	0.03276134
0.75522856	0.03291028
0.76378935	0.03301175
0.77224838	0.03306796
0.78060216	0.03307879
0.78884725	0.03304698
0.79698015	0.03296250
0.80499754	0.03283538
0.81289588	0.03265608
0.82067187	0.03242883
0.82832221	0.03215453
0.83584354	0.03183182
0.84323263	0.03146179
0.85048614	0.03104284
0.85760118	0.03058029
0.86457421	0.03006851
0.87140269	0.02951599
0.87808339	0.02892037
0.88461301	0.02827942
0.89098908	0.02759889
0.89720868	0.02687912
0.90326895	0.02612093
0.90916722	0.02532621
0.91490119	0.02449887
0.92046793	0.02363815
0.92586489	0.02274573
0.93108972	0.02182380
0.93614039	0.02087648
0.94101505	0.01990761
0.94571052	0.01891453
0.95022620	0.01790642
0.95455966	0.01688358
0.95870905	0.01584847
0.96267281	0.01480464
0.96644960	0.01375595
0.97003830	0.01270670
0.97343717	0.01165869
0.97664573	0.01061761
0.97966263	0.00958602
0.98248706	0.00856789
0.98511870	0.00756821
0.98755631	0.00658934
0.98979959	0.00563587
0.99184885	0.00471355
0.99370330	0.00382549
0.99536294	0.00297641
0.99682702	0.00216977
0.99809480	0.00140944
0.99916196	0.00069457
1.00000000	0.00000000

