NACA 0012
1.00000000	0.00126000
0.99989034	0.00127539
0.99956142	0.00132152
0.99901336	0.00139835
0.99824643	0.00150578
0.99726095	0.00164367
0.99605735	0.00181185
0.99463617	0.00201011
0.99299802	0.00223821
0.99114363	0.00249587
0.98907380	0.00278276
0.98678945	0.00309855
0.98429158	0.00344284
0.98158128	0.00381523
0.97865975	0.00421527
0.97552826	0.00464248
0.97218819	0.00509636
0.96864099	0.00557638
0.96488824	0.00608199
0.96093158	0.00661260
0.95677273	0.00716762
0.95241353	0.00774642
0.94785588	0.00834836
0.94310179	0.00897278
0.93815334	0.00961900
0.93301270	0.01028633
0.92768213	0.01097405
0.92216396	0.01168145
0.91646062	0.01240779
0.91057460	0.01315233
0.90450850	0.01391432
0.89826496	0.01469299
0.89184673	0.01548758
0.88525662	0.01629730
0.87849753	0.01712138
0.87157241	0.01795902
0.86448431	0.01880944
0.85723634	0.01967183
0.84983167	0.02054540
0.84227355	0.02142934
0.83456530	0.02232283
0.82671030	0.02322508
0.81871199	0.02413526
0.81057389	0.02505254
0.80229956	0.02597612
0.79389263	0.02690517
0.78535678	0.02783884
0.77669577	0.02877631
0.76791340	0.02971674
0.75901350	0.03065927
0.75000000	0.03160306
0.74087684	0.03254725
0.73164802	0.03349098
0.72231759	0.03443336
0.71288965	0.03537353
0.70336832	0.03631058
0.69375779	0.03724363
0.68406228	0.03817176
0.67428602	0.03909405
0.66443332	0.04000958
0.65450850	0.04091741
0.64451590	0.04181658
0.63445991	0.04270615
0.62434494	0.04358513
0.61417544	0.04445254
0.60395585	0.04530740
0.59369066	0.04614870
0.58338437	0.04697542
0.57304151	0.04778654
0.56266662	0.04858104
0.55226423	0.04935787
0.54183892	0.05011598
0.53139526	0.05085434
0.52093783	0.05157187
0.51047121	0.05226753
0.50000000	0.05294025
0.48952879	0.05358897
0.47906217	0.05421264
0.46860474	0.05481019
0.45816108	0.05538058
0.44773577	0.05592276
0.43733338	0.05643572
0.42695849	0.05691842
0.41661563	0.05736986
0.40630934	0.05778906
0.39604415	0.05817505
0.38582456	0.05852689
0.37565506	0.05884365
0.36554009	0.05912444
0.35548410	0.05936841
0.34549150	0.05957472
0.33556668	0.05974257
0.32571398	0.05987122
0.31593772	0.05995994
0.30624221	0.06000806
0.29663168	0.06001495
0.28711035	0.05998004
0.27768241	0.05990278
0.26835198	0.05978271
0.25912316	0.05961938
0.25000000	0.05941242
0.24098650	0.05916152
0.23208660	0.05886642
0.22330423	0.05852690
0.21464322	0.05814284
0.20610737	0.05771413
0.19770044	0.05724076
0.18942611	0.05672276
0.18128801	0.05616023
0.17328970	0.05555332
0.16543470	0.05490224
0.15772645	0.05420726
0.15016833	0.05346872
0.14276366	0.05268700
0.13551569	0.05186253
0.12842759	0.05099580
0.12150247	0.05008737
0.11474338	0.04913781
0.10815327	0.04814776
0.10173504	0.04711789
0.09549150	0.04604893
0.08942540	0.04494163
0.08353938	0.04379678
0.07783604	0.04261519
0.07231787	0.04139770
0.06698730	0.04014519
0.06184666	0.03885855
0.05689821	0.03753867
0.05214412	0.03618646
0.04758647	0.03480286
0.04322727	0.03338877
0.03906842	0.03194514
0.03511176	0.03047287
0.03135901	0.02897288
0.02781181	0.02744607
0.02447174	0.02589331
0.02134025	0.02431548
0.01841872	0.02271341
0.01570842	0.02108791
0.01321055	0.01943976
0.01092620	0.01776972
0.00885637	0.01607848
0.00700198	0.01436674
0.00536383	0.01263510
0.00394265	0.01088417
0.00273905	0.00911448
0.00175357	0.00732651
0.00098664	0.00552072
0.00043858	0.00369749
0.00010966	0.00185715
0.00000000	0.00000000
0.00010966	-0.00185715
0.00043858	-0.00369749
0.00098664	-0.00552072
0.00175357	-0.00732651
0.00273905	-0.00911448
0.00394265	-0.01088417
0.00536383	-0.01263510
0.00700198	-0.01436674
0.00885637	-0.01607848
0.01092620	-0.01776972
0.01321055	-0.01943976
0.01570842	-0.02108791
0.01841872	-0.02271341
0.02134025	-0.02431548
0.02447174	-0.02589331
0.02781181	-0.02744607
0.03135901	-0.02897288
0.03511176	-0.03047287
0.03906842	-0.03194514
0.04322727	-0.03338877
0.04758647	-0.03480286
0.05214412	-0.03618646
0.05689821	-0.03753867
0.06184666	-0.03885855
0.06698730	-0.04014519
0.07231787	-0.04139770
0.07783604	-0.04261519
0.08353938	-0.04379678
0.08942540	-0.04494163
0.09549150	-0.04604893
0.10173504	-0.04711789
0.10815327	-0.04814776
0.11474338	-0.04913781
0.12150247	-0.05008737
0.12842759	-0.05099580
0.13551569	-0.05186253
0.14276366	-0.05268700
0.15016833	-0.05346872
0.15772645	-0.05420726
0.16543470	-0.05490224
0.17328970	-0.05555332
0.18128801	-0.05616023
0.18942611	-0.05672276
0.19770044	-0.05724076
0.20610737	-0.05771413
0.21464322	-0.05814284
0.22330423	-0.05852690
0.23208660	-0.05886642
0.24098650	-0.05916152
0.25000000	-0.05941242
0.25912316	-0.05961938
0.26835198	-0.05978271
0.27768241	-0.05990278
0.28711035	-0.05998004
0.29663168	-0.06001495
0.30624221	-0.06000806
0.31593772	-0.05995994
0.32571398	-0.05987122
0.33556668	-0.05974257
0.34549150	-0.05957472
0.35548410	-0.05936841
0.36554009	-0.05912444
0.37565506	-0.05884365
0.38582456	-0.05852689
0.39604415	-0.05817505
0.40630934	-0.05778906
0.41661563	-0.05736986
0.42695849	-0.05691842
0.43733338	-0.05643572
0.44773577	-0.05592276
0.45816108	-0.05538058
0.46860474	-0.05481019
0.47906217	-0.05421264
0.48952879	-0.05358897
0.50000000	-0.05294025
0.51047121	-0.05226753
0.52093783	-0.05157187
0.53139526	-0.05085434
0.54183892	-0.05011598
0.55226423	-0.04935787
0.56266662	-0.04858104
0.57304151	-0.04778654
0.58338437	-0.04697542
0.59369066	-0.04614870
0.60395585	-0.04530740
0.61417544	-0.04445254
0.62434494	-0.04358513
0.63445991	-0.04270615
0.64451590	-0.04181658
0.65450850	-0.04091741
0.66443332	-0.04000958
0.67428602	-0.03909405
0.68406228	-0.03817176
0.69375779	-0.03724363
0.70336832	-0.03631058
0.71288965	-0.03537353
0.72231759	-0.03443336
0.73164802	-0.03349098
0.74087684	-0.03254725
0.75000000	-0.03160306
0.75901350	-0.03065927
0.76791340	-0.02971673
0.77669577	-0.02877631
0.78535678	-0.02783884
0.79389263	-0.02690517
0.80229956	-0.02597612
0.81057389	-0.02505254
0.81871199	-0.02413526
0.82671030	-0.02322508
0.83456530	-0.02232283
0.84227355	-0.02142934
0.84983167	-0.02054540
0.85723634	-0.01967183
0.86448431	-0.01880944
0.87157241	-0.01795902
0.87849753	-0.01712138
0.88525662	-0.01629730
0.89184673	-0.01548758
0.89826496	-0.01469299
0.90450850	-0.01391432
0.91057460	-0.01315233
0.91646062	-0.01240779
0.92216396	-0.01168145
0.92768213	-0.01097405
0.93301270	-0.01028633
0.93815334	-0.00961900
0.94310179	-0.00897278
0.94785588	-0.00834836
0.95241353	-0.00774642
0.95677273	-0.00716762
0.96093158	-0.00661260
0.96488824	-0.00608199
0.96864099	-0.00557638
0.97218819	-0.00509636
0.97552826	-0.00464248
0.97865975	-0.00421527
0.98158128	-0.00381523
0.98429158	-0.00344284
0.98678945	-0.00309855
0.98907380	-0.00278276
0.99114363	-0.00249587
0.99299802	-0.00223821
0.99463617	-0.00201011
0.99605735	-0.00181185
0.99726095	-0.00164367
0.99824643	-0.00150578
0.99901336	-0.00139835
0.99956142	-0.00132152
0.99989034	-0.00127539
1.00000000	-0.00126000

