NACA 07-3317
1.00000000	0.00000000
0.99924246	0.00437674
0.99511382	0.01456822
0.98785932	0.02909087
0.97718778	0.04700742
0.96285432	0.06750256
0.94467711	0.08979406
0.92255301	0.11311124
0.89646896	0.13669895
0.86650792	0.15983300
0.83284904	0.18184039
0.79576211	0.20212001
0.75559704	0.22016119
0.71276925	0.23555795
0.66774237	0.24801766
0.62100948	0.25736361
0.57307440	0.26353112
0.52443441	0.26655799
0.47556308	0.26667455
0.42688461	0.26413871
0.37882048	0.25884339
0.33180579	0.25077890
0.28628204	0.23999336
0.24268996	0.22659798
0.20146176	0.21077075
0.16301324	0.19275834
0.12773619	0.17287653
0.09599163	0.15150944
0.06810430	0.12910844
0.04435882	0.10619210
0.02499781	0.08334934
0.01022236	0.06124967
0.00019545	0.04066868
-0.00495006	0.02254921
-0.00509123	0.00816752
0.00000000	0.00000000
0.00911694	-0.00054744
0.02102047	0.00201708
0.03584169	0.00672533
0.05354277	0.01293287
0.07403332	0.02017262
0.09719238	0.02808397
0.12287870	0.03637699
0.15093691	0.04481046
0.18120116	0.05317624
0.21349696	0.06128767
0.24764126	0.06897070
0.28344138	0.07605762
0.32069293	0.08238327
0.35917721	0.08778362
0.39865858	0.09209682
0.43888212	0.09516638
0.47957209	0.09684624
0.52043042	0.09696117
0.56115887	0.09576910
0.60151145	0.09356861
0.64127462	0.09053391
0.68025578	0.08680508
0.71827163	0.08247854
0.75513487	0.07760379
0.79064076	0.07218678
0.82455473	0.06620037
0.85660251	0.05960168
0.88646398	0.05235572
0.91377168	0.04446499
0.93811455	0.03600441
0.95904709	0.02716262
0.97610354	0.01829350
0.98881577	0.00999150
0.99673183	0.00324200
1.00000000	0.00000000

